 &plot nbnd=   6, nks=   274 /
            0.000000  0.000000  0.000000
   -3.203   20.568   20.568   20.568   22.054   22.054
            0.000000  0.011592  0.000000
   -3.200   20.529   20.529   20.548   22.048   22.097
            0.000000  0.023184  0.000000
   -3.193   20.422   20.422   20.487   22.030   22.214
            0.000000  0.034776  0.000000
   -3.181   20.271   20.271   20.391   22.000   22.384
            0.000000  0.046368  0.000000
   -3.164   20.093   20.093   20.266   21.958   22.586
            0.000000  0.057960  0.000000
   -3.142   19.901   19.901   20.116   21.905   22.810
            0.000000  0.069551  0.000000
   -3.115   19.701   19.701   19.949   21.842   23.049
            0.000000  0.081143  0.000000
   -3.083   19.498   19.498   19.768   21.770   23.298
            0.000000  0.092735  0.000000
   -3.047   19.293   19.293   19.577   21.688   23.555
            0.000000  0.104327  0.000000
   -3.005   19.089   19.089   19.380   21.599   23.819
            0.000000  0.115919  0.000000
   -2.959   18.886   18.886   19.178   21.502   24.087
            0.000000  0.127511  0.000000
   -2.908   18.686   18.686   18.974   21.399   24.360
            0.000000  0.139103  0.000000
   -2.852   18.488   18.488   18.769   21.290   23.957
            0.000000  0.150695  0.000000
   -2.791   18.292   18.292   18.563   21.177   23.539
            0.000000  0.162287  0.000000
   -2.726   18.100   18.100   18.359   21.059   23.117
            0.000000  0.173879  0.000000
   -2.655   17.911   17.911   18.155   20.937   22.692
            0.000000  0.185471  0.000000
   -2.580   17.726   17.726   17.954   20.813   22.266
            0.000000  0.197063  0.000000
   -2.500   17.544   17.544   17.756   20.686   21.839
            0.000000  0.208654  0.000000
   -2.415   17.366   17.366   17.560   20.557   21.413
            0.000000  0.220246  0.000000
   -2.325   17.192   17.192   17.367   20.427   20.987
            0.000000  0.231838  0.000000
   -2.231   17.021   17.021   17.177   20.292   20.565
            0.000000  0.243430  0.000000
   -2.131   16.855   16.855   16.992   20.104   20.199
            0.000000  0.255022  0.000000
   -2.027   16.692   16.692   16.809   19.705   20.044
            0.000000  0.266614  0.000000
   -1.919   16.533   16.533   16.631   19.286   19.911
            0.000000  0.278206  0.000000
   -1.805   16.379   16.379   16.457   18.868   19.780
            0.000000  0.289798  0.000000
   -1.687   16.228   16.228   16.286   18.452   19.651
            0.000000  0.301390  0.000000
   -1.564   16.081   16.081   16.120   18.038   19.523
            0.000000  0.312982  0.000000
   -1.436   15.939   15.939   15.958   17.627   19.397
            0.000000  0.324574  0.000000
   -1.304   15.800   15.800   15.801   17.219   19.273
            0.000000  0.336166  0.000000
   -1.167   15.648   15.666   15.666   16.813   19.150
            0.000000  0.347757  0.000000
   -1.025   15.499   15.536   15.536   16.411   19.030
            0.000000  0.359349  0.000000
   -0.879   15.355   15.410   15.410   16.012   18.912
            0.000000  0.370941  0.000000
   -0.728   15.215   15.288   15.288   15.615   18.797
            0.000000  0.382533  0.000000
   -0.572   15.080   15.170   15.170   15.223   18.684
            0.000000  0.394125  0.000000
   -0.412   14.833   14.949   15.056   15.056   18.575
            0.000000  0.405717  0.000000
   -0.247   14.447   14.823   14.946   14.946   18.468
            0.000000  0.417309  0.000000
   -0.078   14.065   14.701   14.841   14.841   18.364
            0.000000  0.428901  0.000000
    0.096   13.686   14.584   14.739   14.739   18.264
            0.000000  0.440493  0.000000
    0.275   13.311   14.472   14.642   14.642   18.167
            0.000000  0.452085  0.000000
    0.457   12.940   14.365   14.549   14.549   18.073
            0.000000  0.463677  0.000000
    0.645   12.573   14.262   14.460   14.460   17.983
            0.000000  0.475268  0.000000
    0.836   12.209   14.164   14.375   14.375   17.896
            0.000000  0.486860  0.000000
    1.032   11.849   14.071   14.294   14.294   17.814
            0.000000  0.498452  0.000000
    1.233   11.493   13.982   14.218   14.218   17.735
            0.000000  0.510044  0.000000
    1.437   11.142   13.898   14.145   14.145   17.660
            0.000000  0.521636  0.000000
    1.646   10.794   13.819   14.077   14.077   17.589
            0.000000  0.533228  0.000000
    1.859   10.451   13.745   14.013   14.013   17.522
            0.000000  0.544820  0.000000
    2.076   10.112   13.675   13.953   13.953   17.459
            0.000000  0.556412  0.000000
    2.297    9.777   13.610   13.897   13.897   17.400
            0.000000  0.568004  0.000000
    2.521    9.447   13.550   13.845   13.845   17.345
            0.000000  0.579596  0.000000
    2.750    9.122   13.495   13.798   13.798   17.294
            0.000000  0.591188  0.000000
    2.981    8.802   13.444   13.754   13.754   17.248
            0.000000  0.602780  0.000000
    3.216    8.488   13.399   13.715   13.715   17.206
            0.000000  0.614371  0.000000
    3.452    8.179   13.358   13.680   13.680   17.169
            0.000000  0.625963  0.000000
    3.691    7.878   13.322   13.649   13.649   17.135
            0.000000  0.637555  0.000000
    3.930    7.584   13.290   13.622   13.622   17.106
            0.000000  0.649147  0.000000
    4.167    7.300   13.264   13.599   13.599   17.082
            0.000000  0.660739  0.000000
    4.399    7.031   13.242   13.581   13.581   17.062
            0.000000  0.672331  0.000000
    4.619    6.781   13.225   13.566   13.566   17.046
            0.000000  0.683923  0.000000
    4.814    6.565   13.213   13.556   13.556   17.035
            0.000000  0.695515  0.000000
    4.958    6.408   13.206   13.550   13.550   17.028
            0.000000  0.707107  0.000000
    5.014    6.348   13.204   13.548   13.548   17.026
            0.008418  0.707107  0.008418
    5.016    6.350   13.043   13.550   13.691   17.051
            0.016836  0.707107  0.016836
    5.023    6.358   12.767   13.556   13.912   17.123
            0.025254  0.707107  0.025254
    5.035    6.370   12.466   13.567   14.125   17.244
            0.033672  0.707107  0.033672
    5.052    6.388   12.153   13.583   14.316   17.410
            0.042090  0.707107  0.042090
    5.073    6.410   11.832   13.603   14.486   17.619
            0.050508  0.707107  0.050508
    5.099    6.437   11.506   13.627   14.634   17.866
            0.058926  0.707107  0.058926
    5.129    6.469   11.177   13.655   14.766   18.147
            0.067344  0.707107  0.067344
    5.165    6.506   10.847   13.688   14.883   18.455
            0.075761  0.707107  0.075761
    5.205    6.548   10.516   13.726   14.989   18.786
            0.084179  0.707107  0.084179
    5.250    6.594   10.187   13.767   15.089   19.137
            0.092597  0.707107  0.092597
    5.299    6.645    9.858   13.814   15.184   19.504
            0.101015  0.707107  0.101015
    5.353    6.700    9.532   13.864   15.276   19.884
            0.109433  0.707107  0.109433
    5.412    6.759    9.209   13.919   15.367   20.275
            0.117851  0.707107  0.117851
    5.476    6.821    8.890   13.978   15.458   20.675
            0.126269  0.707107  0.126269
    5.544    6.886    8.576   14.042   15.550   21.082
            0.134687  0.707107  0.134687
    5.617    6.951    8.270   14.110   15.644   21.496
            0.143105  0.707107  0.143105
    5.695    7.009    7.978   14.183   15.741   21.916
            0.151523  0.707107  0.151523
    5.778    7.044    7.718   14.260   15.841   22.340
            0.159941  0.707107  0.159941
    5.865    7.001    7.543   14.341   15.943   22.768
            0.168359  0.707107  0.168359
    5.957    6.830    7.506   14.427   16.050   23.199
            0.176777  0.707107  0.176777
    6.054    6.581    7.556   14.518   16.159   23.632
            0.530330  0.530330  0.000000
    6.054    6.581    7.556   14.518   16.159   23.632
            0.522171  0.522171 -0.000000
    6.152    6.315    7.635   14.609   16.269   24.052
            0.514012  0.514012  0.000000
    6.042    6.255    7.731   14.705   16.383   24.473
            0.505853  0.505853  0.000000
    5.769    6.362    7.835   14.805   16.501   24.892
            0.497694  0.497694  0.000000
    5.496    6.474    7.947   14.909   16.622   25.310
            0.489535  0.489535  0.000000
    5.225    6.590    8.065   15.018   16.747   25.725
            0.481377  0.481377  0.000000
    4.957    6.711    8.188   15.130   16.876   26.134
            0.473218  0.473218  0.000000
    4.693    6.836    8.316   15.247   17.009   26.537
            0.465059  0.465059 -0.000000
    4.432    6.965    8.449   15.367   17.146   26.930
            0.456900  0.456900  0.000000
    4.174    7.099    8.587   15.492   17.287   27.311
            0.448741  0.448741  0.000000
    3.921    7.238    8.730   15.621   17.432   27.515
            0.440582  0.440582 -0.000000
    3.671    7.380    8.877   15.755   17.581   27.273
            0.432423  0.432423  0.000000
    3.425    7.528    9.028   15.892   17.733   27.034
            0.424264  0.424264  0.000000
    3.184    7.680    9.184   16.033   17.890   26.799
            0.416105  0.416105 -0.000000
    2.946    7.836    9.344   16.179   18.050   26.568
            0.407946  0.407946  0.000000
    2.712    7.997    9.508   16.329   18.214   26.341
            0.399787  0.399787  0.000000
    2.483    8.162    9.676   16.483   18.381   26.117
            0.391628  0.391628  0.000000
    2.258    8.332    9.849   16.641   18.553   25.898
            0.383469  0.383469  0.000000
    2.037    8.506   10.025   16.803   18.728   25.682
            0.375311  0.375311  0.000000
    1.820    8.685   10.206   16.969   18.906   25.471
            0.367152  0.367152  0.000000
    1.608    8.868   10.390   17.139   19.088   25.264
            0.358993  0.358993 -0.000000
    1.400    9.055   10.579   17.314   19.274   25.060
            0.350834  0.350834  0.000000
    1.196    9.248   10.771   17.492   19.463   24.862
            0.342675  0.342675  0.000000
    0.997    9.444   10.967   17.675   19.655   24.667
            0.334516  0.334516 -0.000000
    0.802    9.645   11.167   17.861   19.850   24.476
            0.326357  0.326357  0.000000
    0.612    9.851   11.370   18.051   20.049   24.290
            0.318198  0.318198  0.000000
    0.426   10.061   11.577   18.246   20.250   24.109
            0.310039  0.310039 -0.000000
    0.244   10.275   11.788   18.444   20.455   23.931
            0.301880  0.301880  0.000000
    0.067   10.494   12.002   18.646   20.662   23.758
            0.293721  0.293721  0.000000
   -0.105   10.717   12.219   18.852   20.872   23.590
            0.285562  0.285562  0.000000
   -0.273   10.945   12.440   19.061   21.085   23.425
            0.277403  0.277403  0.000000
   -0.437   11.177   12.664   19.274   21.300   23.266
            0.269245  0.269245  0.000000
   -0.596   11.414   12.891   19.490   21.518   23.110
            0.261086  0.261086  0.000000
   -0.750   11.655   13.121   19.709   21.738   22.960
            0.252927  0.252927 -0.000000
   -0.900   11.900   13.354   19.932   21.959   22.813
            0.244768  0.244768  0.000000
   -1.045   12.150   13.590   20.157   22.183   22.672
            0.236609  0.236609  0.000000
   -1.185   12.404   13.829   20.384   22.408   22.534
            0.228450  0.228450 -0.000000
   -1.321   12.662   14.070   20.614   22.402   22.634
            0.220291  0.220291  0.000000
   -1.452   12.925   14.314   20.844   22.274   22.862
            0.212132  0.212132  0.000000
   -1.579   13.192   14.560   21.073   22.150   23.090
            0.203973  0.203973 -0.000000
   -1.701   13.463   14.809   21.301   22.031   23.318
            0.195814  0.195814  0.000000
   -1.818   13.738   15.059   21.524   21.917   23.371
            0.187655  0.187655  0.000000
   -1.930   14.018   15.312   21.738   21.807   23.330
            0.179496  0.179496  0.000000
   -2.038   14.302   15.566   21.702   21.935   23.313
            0.171337  0.171337  0.000000
   -2.141   14.589   15.822   21.602   22.106   23.329
            0.163178  0.163178  0.000000
   -2.240   14.881   16.079   21.506   22.237   23.390
            0.155020  0.155020  0.000000
   -2.333   15.176   16.337   21.415   22.322   23.504
            0.146861  0.146861 -0.000000
   -2.422   15.475   16.596   21.328   22.365   23.596
            0.138702  0.138702  0.000000
   -2.506   15.778   16.856   21.246   22.376   23.519
            0.130543  0.130543  0.000000
   -2.586   16.084   17.116   21.169   22.367   23.446
            0.122384  0.122384 -0.000000
   -2.660   16.394   17.376   21.096   22.347   23.374
            0.114225  0.114225  0.000000
   -2.730   16.706   17.636   21.028   22.321   23.304
            0.106066  0.106066  0.000000
   -2.795   17.021   17.895   20.965   22.292   23.236
            0.097907  0.097907 -0.000000
   -2.855   17.338   18.154   20.906   22.261   23.169
            0.089748  0.089748  0.000000
   -2.911   17.658   18.410   20.852   22.232   23.101
            0.081589  0.081589  0.000000
   -2.961   17.978   18.664   20.803   22.203   23.032
            0.073430  0.073430  0.000000
   -3.007   18.299   18.916   20.758   22.176   22.959
            0.065271  0.065271  0.000000
   -3.048   18.619   19.163   20.718   22.151   22.882
            0.057112  0.057112  0.000000
   -3.084   18.937   19.404   20.683   22.129   22.797
            0.048954  0.048954  0.000000
   -3.116   19.250   19.639   20.653   22.110   22.701
            0.040795  0.040795 -0.000000
   -3.142   19.555   19.864   20.627   22.093   22.591
            0.032636  0.032636  0.000000
   -3.164   19.846   20.074   20.606   22.079   22.469
            0.024477  0.024477  0.000000
   -3.181   20.115   20.264   20.589   22.068   22.324
            0.016318  0.016318 -0.000000
   -3.193   20.344   20.421   20.578   22.060   22.190
            0.008159  0.008159  0.000000
   -3.200   20.507   20.529   20.571   22.056   22.092
            0.000000  0.000000  0.000000
   -3.203   20.568   20.568   20.568   22.054   22.054
            0.006799  0.006799  0.006799
   -3.200   20.491   20.556   20.556   22.070   22.070
            0.013598  0.013598  0.013598
   -3.193   20.288   20.521   20.521   22.117   22.117
            0.020397  0.020397  0.020397
   -3.180   20.008   20.467   20.467   22.190   22.190
            0.027196  0.027196  0.027196
   -3.163   19.685   20.399   20.399   22.286   22.286
            0.033996  0.033996  0.033996
   -3.140   19.335   20.321   20.321   22.399   22.399
            0.040795  0.040795  0.040795
   -3.112   18.970   20.237   20.237   22.525   22.525
            0.047594  0.047594  0.047594
   -3.080   18.594   20.149   20.149   22.663   22.663
            0.054393  0.054393  0.054393
   -3.042   18.212   20.060   20.060   22.715   22.809
            0.061192  0.061192  0.061192
   -2.999   17.826   19.970   19.970   22.724   22.961
            0.067991  0.067991  0.067991
   -2.951   17.437   19.880   19.880   22.722   23.118
            0.074790  0.074790  0.074790
   -2.899   17.047   19.793   19.793   22.710   23.278
            0.081589  0.081589  0.081589
   -2.841   16.657   19.707   19.707   22.692   23.438
            0.088388  0.088388  0.088388
   -2.778   16.267   19.624   19.624   22.669   23.593
            0.095187  0.095187  0.095187
   -2.710   15.878   19.544   19.544   22.643   23.738
            0.101987  0.101987  0.101987
   -2.638   15.490   19.467   19.467   22.614   23.861
            0.108786  0.108786  0.108786
   -2.560   15.105   19.393   19.393   22.584   23.946
            0.115585  0.115585  0.115585
   -2.477   14.721   19.323   19.323   22.552   23.973
            0.122384  0.122384  0.122384
   -2.390   14.339   19.256   19.256   22.520   23.933
            0.129183  0.129183  0.129183
   -2.297   13.960   19.193   19.193   22.489   23.838
            0.135982  0.135982  0.135982
   -2.200   13.584   19.133   19.133   22.459   23.707
            0.142781  0.142781  0.142781
   -2.097   13.210   19.078   19.078   22.429   23.555
            0.149580  0.149580  0.149580
   -1.990   12.839   19.026   19.026   22.402   23.391
            0.156379  0.156379  0.156379
   -1.878   12.472   18.978   18.978   22.376   23.221
            0.163178  0.163178  0.163178
   -1.760   12.107   18.934   18.934   22.352   23.048
            0.169978  0.169978  0.169978
   -1.638   11.746   18.894   18.894   22.331   22.874
            0.176777  0.176777  0.176777
   -1.512   11.389   18.859   18.859   22.312   22.702
            0.183576  0.183576  0.183576
   -1.380   11.035   18.827   18.827   22.296   22.530
            0.190375  0.190375  0.190375
   -1.243   10.684   18.799   18.799   22.284   22.361
            0.197174  0.197174  0.197174
   -1.102   10.337   18.776   18.776   22.194   22.194
            0.203973  0.203973  0.203973
   -0.955    9.994   18.756   18.756   22.030   22.030
            0.210772  0.210772  0.210772
   -0.804    9.654   18.741   18.741   21.870   21.870
            0.217571  0.217571  0.217571
   -0.648    9.319   18.729   18.729   21.712   21.712
            0.224370  0.224370  0.224370
   -0.488    8.987   18.722   18.722   21.558   21.558
            0.231170  0.231170  0.231170
   -0.322    8.659   18.720   18.720   21.408   21.408
            0.237969  0.237969  0.237969
   -0.152    8.335   18.721   18.721   21.261   21.261
            0.244768  0.244768  0.244768
    0.023    8.015   18.726   18.726   21.119   21.119
            0.251567  0.251567  0.251567
    0.202    7.698   18.736   18.736   20.980   20.980
            0.258366  0.258366  0.258366
    0.386    7.386   18.750   18.750   20.845   20.845
            0.265165  0.265165  0.265165
    0.575    7.078   18.768   18.768   20.714   20.714
            0.271964  0.271964  0.271964
    0.769    6.775   18.790   18.790   20.587   20.587
            0.278763  0.278763  0.278763
    0.967    6.475   18.816   18.816   20.464   20.464
            0.285562  0.285562  0.285562
    1.170    6.179   18.847   18.847   20.345   20.345
            0.292361  0.292361  0.292361
    1.377    5.888   18.881   18.881   20.230   20.230
            0.299161  0.299161  0.299161
    1.589    5.601   18.920   18.920   20.120   20.120
            0.305960  0.305960  0.305960
    1.806    5.318   18.964   18.964   20.014   20.014
            0.312759  0.312759  0.312759
    2.026    5.040   19.011   19.011   19.911   19.911
            0.319558  0.319558  0.319558
    2.251    4.766   19.063   19.063   19.813   19.813
            0.326357  0.326357  0.326357
    2.481    4.497   19.118   19.118   19.720   19.720
            0.333156  0.333156  0.333156
    2.714    4.234   19.178   19.178   19.630   19.630
            0.339955  0.339955  0.339955
    2.949    3.976   19.242   19.242   19.546   19.546
            0.346754  0.346754  0.346754
    3.181    3.731   19.309   19.309   19.466   19.466
            0.353553  0.353553  0.353553
    3.341    3.567   19.361   19.361   19.410   19.410
            0.353553  0.361776  0.345331
    3.343    3.569   19.162   19.164   19.580   19.588
            0.353553  0.369998  0.337109
    3.350    3.576   18.916   18.929   19.745   19.770
            0.353553  0.378220  0.328887
    3.361    3.588   18.649   18.679   19.883   19.934
            0.353553  0.386442  0.320665
    3.377    3.605   18.364   18.418   19.998   20.078
            0.353553  0.394664  0.312443
    3.398    3.626   18.067   18.148   20.095   20.207
            0.353553  0.402886  0.304220
    3.423    3.653   17.760   17.870   20.178   20.321
            0.353553  0.411109  0.295998
    3.452    3.684   17.446   17.586   20.251   20.424
            0.353553  0.419331  0.287776
    3.486    3.720   17.128   17.299   20.318   20.519
            0.353553  0.427553  0.279554
    3.525    3.760   16.807   17.008   20.380   20.607
            0.353553  0.435775  0.271332
    3.568    3.806   16.485   16.716   20.441   20.690
            0.353553  0.443997  0.263109
    3.616    3.856   16.163   16.423   20.501   20.771
            0.353553  0.452219  0.254887
    3.668    3.911   15.842   16.129   20.561   20.851
            0.353553  0.460442  0.246665
    3.725    3.970   15.522   15.836   20.623   20.931
            0.353553  0.468664  0.238443
    3.786    4.034   15.204   15.543   20.686   21.011
            0.353553  0.476886  0.230221
    3.852    4.103   14.889   15.252   20.752   21.093
            0.353553  0.485108  0.221999
    3.922    4.176   14.577   14.962   20.821   21.176
            0.353553  0.493330  0.213776
    3.997    4.254   14.267   14.674   20.892   21.262
            0.353553  0.501552  0.205554
    4.076    4.336   13.961   14.388   20.966   21.350
            0.353553  0.509775  0.197332
    4.160    4.423   13.659   14.105   21.044   21.441
            0.353553  0.517997  0.189110
    4.249    4.514   13.360   13.825   21.125   21.534
            0.353553  0.526219  0.180888
    4.342    4.610   13.065   13.547   21.209   21.630
            0.353553  0.534441  0.172666
    4.439    4.710   12.774   13.273   21.297   21.729
            0.353553  0.542663  0.164443
    4.541    4.814   12.488   13.002   21.388   21.831
            0.353553  0.550886  0.156221
    4.647    4.922   12.205   12.735   21.483   21.936
            0.353553  0.559108  0.147999
    4.757    5.035   11.927   12.471   21.582   22.044
            0.353553  0.567330  0.139777
    4.872    5.151   11.653   12.211   21.685   22.154
            0.353553  0.575552  0.131555
    4.992    5.271   11.384   11.955   21.791   22.266
            0.353553  0.583774  0.123333
    5.115    5.394   11.120   11.704   21.901   22.381
            0.353553  0.591996  0.115110
    5.243    5.521   10.860   11.457   22.014   22.497
            0.353553  0.600219  0.106888
    5.375    5.651   10.605   11.215   22.132   22.615
            0.353553  0.608441  0.098666
    5.511    5.784   10.355   10.979   22.253   22.734
            0.353553  0.616663  0.090444
    5.651    5.919   10.110   10.749   22.377   22.853
            0.353553  0.624885  0.082222
    5.794    6.055    9.871   10.525   22.505   22.972
            0.353553  0.633107  0.074000
    5.941    6.193    9.637   10.308   22.637   23.089
            0.353553  0.641329  0.065777
    6.091    6.331    9.409   10.100   22.772   23.204
            0.353553  0.649552  0.057555
    6.244    6.467    9.188    9.901   22.910   23.315
            0.353553  0.657774  0.049333
    6.397    6.599    8.975    9.714   23.051   23.420
            0.353553  0.665996  0.041111
    6.551    6.726    8.771    9.542   23.194   23.516
            0.353553  0.674218  0.032889
    6.701    6.843    8.580    9.387   23.338   23.602
            0.353553  0.682440  0.024667
    6.844    6.945    8.405    9.256   23.480   23.673
            0.353553  0.690662  0.016444
    6.969    7.025    8.256    9.155   23.615   23.728
            0.353553  0.698885  0.008222
    7.061    7.077    8.151    9.090   23.725   23.762
            0.353553  0.707107  0.000000
    7.096    7.096    8.112    9.068   23.773   23.773
            0.341768  0.707107  0.000000
    6.959    7.237    8.093    9.091   23.367   24.183
            0.329983  0.707107  0.000000
    6.827    7.383    8.041    9.156   22.964   24.088
            0.318198  0.707107  0.000000
    6.700    7.534    7.965    9.253   22.565   23.859
            0.306413  0.707107  0.000000
    6.577    7.689    7.877    9.372   22.170   23.590
            0.294628  0.707107  0.000000
    6.459    7.781    7.849    9.507   21.778   23.299
            0.282843  0.707107  0.000000
    6.345    7.682    8.014    9.653   21.391   22.994
            0.271058  0.707107 -0.000000
    6.237    7.583    8.183    9.807   21.007   22.681
            0.259272  0.707107  0.000000
    6.133    7.485    8.357    9.969   20.627   22.365
            0.247487  0.707107  0.000000
    6.033    7.390    8.536   10.137   20.252   22.047
            0.235702  0.707107  0.000000
    5.938    7.297    8.719   10.311   19.880   21.729
            0.223917  0.707107  0.000000
    5.848    7.208    8.907   10.488   19.513   21.412
            0.212132  0.707107  0.000000
    5.763    7.122    9.100   10.670   19.151   21.097
            0.200347  0.707107  0.000000
    5.682    7.040    9.297   10.856   18.792   20.785
            0.188562  0.707107  0.000000
    5.605    6.963    9.499   11.045   18.438   20.476
            0.176777  0.707107  0.000000
    5.534    6.889    9.706   11.236   18.088   20.172
            0.164992  0.707107  0.000000
    5.467    6.820    9.917   11.430   17.743   19.871
            0.153206  0.707107  0.000000
    5.404    6.756   10.133   11.625   17.402   19.577
            0.141421  0.707107  0.000000
    5.347    6.696   10.354   11.822   17.066   19.288
            0.129636  0.707107  0.000000
    5.293    6.641   10.579   12.018   16.734   19.007
            0.117851  0.707107 -0.000000
    5.245    6.590   10.809   12.213   16.407   18.734
            0.106066  0.707107  0.000000
    5.201    6.544   11.044   12.406   16.084   18.470
            0.094281  0.707107  0.000000
    5.162    6.503   11.283   12.595   15.766   18.218
            0.082496  0.707107  0.000000
    5.127    6.467   11.526   12.777   15.453   17.980
            0.070711  0.707107 -0.000000
    5.097    6.435   11.774   12.951   15.145   17.758
            0.058926  0.707107  0.000000
    5.072    6.409   12.026   13.112   14.842   17.556
            0.047140  0.707107  0.000000
    5.051    6.387   12.282   13.255   14.544   17.378
            0.035355  0.707107  0.000000
    5.035    6.370   12.541   13.377   14.252   17.231
            0.023570  0.707107 -0.000000
    5.023    6.358   12.800   13.469   13.970   17.120
            0.011785  0.707107  0.000000
    5.016    6.350   13.050   13.528   13.706   17.050
            0.000000  0.707107  0.000000
    5.014    6.348   13.204   13.548   13.548   17.026
