    [0.0000000000, 0.0000000000, 0.0000000000, 1],
    [0.0081967213, 0.0000000000, 0.0081967213, 1],
    [0.0163934426, 0.0000000000, 0.0163934426, 1],
    [0.0245901639, 0.0000000000, 0.0245901639, 1],
    [0.0327868852, 0.0000000000, 0.0327868852, 1],
    [0.0409836066, 0.0000000000, 0.0409836066, 1],
    [0.0491803279, 0.0000000000, 0.0491803279, 1],
    [0.0573770492, 0.0000000000, 0.0573770492, 1],
    [0.0655737705, 0.0000000000, 0.0655737705, 1],
    [0.0737704918, 0.0000000000, 0.0737704918, 1],
    [0.0819672131, 0.0000000000, 0.0819672131, 1],
    [0.0901639344, 0.0000000000, 0.0901639344, 1],
    [0.0983606557, 0.0000000000, 0.0983606557, 1],
    [0.1065573770, 0.0000000000, 0.1065573770, 1],
    [0.1147540984, 0.0000000000, 0.1147540984, 1],
    [0.1229508197, 0.0000000000, 0.1229508197, 1],
    [0.1311475410, 0.0000000000, 0.1311475410, 1],
    [0.1393442623, 0.0000000000, 0.1393442623, 1],
    [0.1475409836, 0.0000000000, 0.1475409836, 1],
    [0.1557377049, 0.0000000000, 0.1557377049, 1],
    [0.1639344262, 0.0000000000, 0.1639344262, 1],
    [0.1721311475, 0.0000000000, 0.1721311475, 1],
    [0.1803278689, 0.0000000000, 0.1803278689, 1],
    [0.1885245902, 0.0000000000, 0.1885245902, 1],
    [0.1967213115, 0.0000000000, 0.1967213115, 1],
    [0.2049180328, 0.0000000000, 0.2049180328, 1],
    [0.2131147541, 0.0000000000, 0.2131147541, 1],
    [0.2213114754, 0.0000000000, 0.2213114754, 1],
    [0.2295081967, 0.0000000000, 0.2295081967, 1],
    [0.2377049180, 0.0000000000, 0.2377049180, 1],
    [0.2459016393, 0.0000000000, 0.2459016393, 1],
    [0.2540983607, 0.0000000000, 0.2540983607, 1],
    [0.2622950820, 0.0000000000, 0.2622950820, 1],
    [0.2704918033, 0.0000000000, 0.2704918033, 1],
    [0.2786885246, 0.0000000000, 0.2786885246, 1],
    [0.2868852459, 0.0000000000, 0.2868852459, 1],
    [0.2950819672, 0.0000000000, 0.2950819672, 1],
    [0.3032786885, 0.0000000000, 0.3032786885, 1],
    [0.3114754098, 0.0000000000, 0.3114754098, 1],
    [0.3196721311, 0.0000000000, 0.3196721311, 1],
    [0.3278688525, 0.0000000000, 0.3278688525, 1],
    [0.3360655738, 0.0000000000, 0.3360655738, 1],
    [0.3442622951, 0.0000000000, 0.3442622951, 1],
    [0.3524590164, 0.0000000000, 0.3524590164, 1],
    [0.3606557377, 0.0000000000, 0.3606557377, 1],
    [0.3688524590, 0.0000000000, 0.3688524590, 1],
    [0.3770491803, 0.0000000000, 0.3770491803, 1],
    [0.3852459016, 0.0000000000, 0.3852459016, 1],
    [0.3934426230, 0.0000000000, 0.3934426230, 1],
    [0.4016393443, 0.0000000000, 0.4016393443, 1],
    [0.4098360656, 0.0000000000, 0.4098360656, 1],
    [0.4180327869, 0.0000000000, 0.4180327869, 1],
    [0.4262295082, 0.0000000000, 0.4262295082, 1],
    [0.4344262295, 0.0000000000, 0.4344262295, 1],
    [0.4426229508, 0.0000000000, 0.4426229508, 1],
    [0.4508196721, 0.0000000000, 0.4508196721, 1],
    [0.4590163934, 0.0000000000, 0.4590163934, 1],
    [0.4672131148, 0.0000000000, 0.4672131148, 1],
    [0.4754098361, 0.0000000000, 0.4754098361, 1],
    [0.4836065574, 0.0000000000, 0.4836065574, 1],
    [0.4918032787, 0.0000000000, 0.4918032787, 1],
    [0.5000000000, 0.0000000000, 0.5000000000, 1],
    [0.5059523810, 0.0119047619, 0.5059523810, 1],
    [0.5119047619, 0.0238095238, 0.5119047619, 1],
    [0.5178571429, 0.0357142857, 0.5178571429, 1],
    [0.5238095238, 0.0476190476, 0.5238095238, 1],
    [0.5297619048, 0.0595238095, 0.5297619048, 1],
    [0.5357142857, 0.0714285714, 0.5357142857, 1],
    [0.5416666667, 0.0833333333, 0.5416666667, 1],
    [0.5476190476, 0.0952380952, 0.5476190476, 1],
    [0.5535714286, 0.1071428571, 0.5535714286, 1],
    [0.5595238095, 0.1190476190, 0.5595238095, 1],
    [0.5654761905, 0.1309523810, 0.5654761905, 1],
    [0.5714285714, 0.1428571429, 0.5714285714, 1],
    [0.5773809524, 0.1547619048, 0.5773809524, 1],
    [0.5833333333, 0.1666666667, 0.5833333333, 1],
    [0.5892857143, 0.1785714286, 0.5892857143, 1],
    [0.5952380952, 0.1904761905, 0.5952380952, 1],
    [0.6011904762, 0.2023809524, 0.6011904762, 1],
    [0.6071428571, 0.2142857143, 0.6071428571, 1],
    [0.6130952381, 0.2261904762, 0.6130952381, 1],
    [0.6190476190, 0.2380952381, 0.6190476190, 1],
    [0.6250000000, 0.2500000000, 0.6250000000, 1],
    [0.3750000000, 0.3750000000, 0.7500000000, 1],
    [0.3692307692, 0.3692307692, 0.7384615385, 1],
    [0.3634615385, 0.3634615385, 0.7269230769, 1],
    [0.3576923077, 0.3576923077, 0.7153846154, 1],
    [0.3519230769, 0.3519230769, 0.7038461538, 1],
    [0.3461538462, 0.3461538462, 0.6923076923, 1],
    [0.3403846154, 0.3403846154, 0.6807692308, 1],
    [0.3346153846, 0.3346153846, 0.6692307692, 1],
    [0.3288461538, 0.3288461538, 0.6576923077, 1],
    [0.3230769231, 0.3230769231, 0.6461538462, 1],
    [0.3173076923, 0.3173076923, 0.6346153846, 1],
    [0.3115384615, 0.3115384615, 0.6230769231, 1],
    [0.3057692308, 0.3057692308, 0.6115384615, 1],
    [0.3000000000, 0.3000000000, 0.6000000000, 1],
    [0.2942307692, 0.2942307692, 0.5884615385, 1],
    [0.2884615385, 0.2884615385, 0.5769230769, 1],
    [0.2826923077, 0.2826923077, 0.5653846154, 1],
    [0.2769230769, 0.2769230769, 0.5538461538, 1],
    [0.2711538462, 0.2711538462, 0.5423076923, 1],
    [0.2653846154, 0.2653846154, 0.5307692308, 1],
    [0.2596153846, 0.2596153846, 0.5192307692, 1],
    [0.2538461538, 0.2538461538, 0.5076923077, 1],
    [0.2480769231, 0.2480769231, 0.4961538462, 1],
    [0.2423076923, 0.2423076923, 0.4846153846, 1],
    [0.2365384615, 0.2365384615, 0.4730769231, 1],
    [0.2307692308, 0.2307692308, 0.4615384615, 1],
    [0.2250000000, 0.2250000000, 0.4500000000, 1],
    [0.2192307692, 0.2192307692, 0.4384615385, 1],
    [0.2134615385, 0.2134615385, 0.4269230769, 1],
    [0.2076923077, 0.2076923077, 0.4153846154, 1],
    [0.2019230769, 0.2019230769, 0.4038461538, 1],
    [0.1961538462, 0.1961538462, 0.3923076923, 1],
    [0.1903846154, 0.1903846154, 0.3807692308, 1],
    [0.1846153846, 0.1846153846, 0.3692307692, 1],
    [0.1788461538, 0.1788461538, 0.3576923077, 1],
    [0.1730769231, 0.1730769231, 0.3461538462, 1],
    [0.1673076923, 0.1673076923, 0.3346153846, 1],
    [0.1615384615, 0.1615384615, 0.3230769231, 1],
    [0.1557692308, 0.1557692308, 0.3115384615, 1],
    [0.1500000000, 0.1500000000, 0.3000000000, 1],
    [0.1442307692, 0.1442307692, 0.2884615385, 1],
    [0.1384615385, 0.1384615385, 0.2769230769, 1],
    [0.1326923077, 0.1326923077, 0.2653846154, 1],
    [0.1269230769, 0.1269230769, 0.2538461538, 1],
    [0.1211538462, 0.1211538462, 0.2423076923, 1],
    [0.1153846154, 0.1153846154, 0.2307692308, 1],
    [0.1096153846, 0.1096153846, 0.2192307692, 1],
    [0.1038461538, 0.1038461538, 0.2076923077, 1],
    [0.0980769231, 0.0980769231, 0.1961538462, 1],
    [0.0923076923, 0.0923076923, 0.1846153846, 1],
    [0.0865384615, 0.0865384615, 0.1730769231, 1],
    [0.0807692308, 0.0807692308, 0.1615384615, 1],
    [0.0750000000, 0.0750000000, 0.1500000000, 1],
    [0.0692307692, 0.0692307692, 0.1384615385, 1],
    [0.0634615385, 0.0634615385, 0.1269230769, 1],
    [0.0576923077, 0.0576923077, 0.1153846154, 1],
    [0.0519230769, 0.0519230769, 0.1038461538, 1],
    [0.0461538462, 0.0461538462, 0.0923076923, 1],
    [0.0403846154, 0.0403846154, 0.0807692308, 1],
    [0.0346153846, 0.0346153846, 0.0692307692, 1],
    [0.0288461538, 0.0288461538, 0.0576923077, 1],
    [0.0230769231, 0.0230769231, 0.0461538462, 1],
    [0.0173076923, 0.0173076923, 0.0346153846, 1],
    [0.0115384615, 0.0115384615, 0.0230769231, 1],
    [0.0057692308, 0.0057692308, 0.0115384615, 1],
    [0.0000000000, 0.0000000000, 0.0000000000, 1],
    [0.0096153846, 0.0096153846, 0.0096153846, 1],
    [0.0192307692, 0.0192307692, 0.0192307692, 1],
    [0.0288461538, 0.0288461538, 0.0288461538, 1],
    [0.0384615385, 0.0384615385, 0.0384615385, 1],
    [0.0480769231, 0.0480769231, 0.0480769231, 1],
    [0.0576923077, 0.0576923077, 0.0576923077, 1],
    [0.0673076923, 0.0673076923, 0.0673076923, 1],
    [0.0769230769, 0.0769230769, 0.0769230769, 1],
    [0.0865384615, 0.0865384615, 0.0865384615, 1],
    [0.0961538462, 0.0961538462, 0.0961538462, 1],
    [0.1057692308, 0.1057692308, 0.1057692308, 1],
    [0.1153846154, 0.1153846154, 0.1153846154, 1],
    [0.1250000000, 0.1250000000, 0.1250000000, 1],
    [0.1346153846, 0.1346153846, 0.1346153846, 1],
    [0.1442307692, 0.1442307692, 0.1442307692, 1],
    [0.1538461538, 0.1538461538, 0.1538461538, 1],
    [0.1634615385, 0.1634615385, 0.1634615385, 1],
    [0.1730769231, 0.1730769231, 0.1730769231, 1],
    [0.1826923077, 0.1826923077, 0.1826923077, 1],
    [0.1923076923, 0.1923076923, 0.1923076923, 1],
    [0.2019230769, 0.2019230769, 0.2019230769, 1],
    [0.2115384615, 0.2115384615, 0.2115384615, 1],
    [0.2211538462, 0.2211538462, 0.2211538462, 1],
    [0.2307692308, 0.2307692308, 0.2307692308, 1],
    [0.2403846154, 0.2403846154, 0.2403846154, 1],
    [0.2500000000, 0.2500000000, 0.2500000000, 1],
    [0.2596153846, 0.2596153846, 0.2596153846, 1],
    [0.2692307692, 0.2692307692, 0.2692307692, 1],
    [0.2788461538, 0.2788461538, 0.2788461538, 1],
    [0.2884615385, 0.2884615385, 0.2884615385, 1],
    [0.2980769231, 0.2980769231, 0.2980769231, 1],
    [0.3076923077, 0.3076923077, 0.3076923077, 1],
    [0.3173076923, 0.3173076923, 0.3173076923, 1],
    [0.3269230769, 0.3269230769, 0.3269230769, 1],
    [0.3365384615, 0.3365384615, 0.3365384615, 1],
    [0.3461538462, 0.3461538462, 0.3461538462, 1],
    [0.3557692308, 0.3557692308, 0.3557692308, 1],
    [0.3653846154, 0.3653846154, 0.3653846154, 1],
    [0.3750000000, 0.3750000000, 0.3750000000, 1],
    [0.3846153846, 0.3846153846, 0.3846153846, 1],
    [0.3942307692, 0.3942307692, 0.3942307692, 1],
    [0.4038461538, 0.4038461538, 0.4038461538, 1],
    [0.4134615385, 0.4134615385, 0.4134615385, 1],
    [0.4230769231, 0.4230769231, 0.4230769231, 1],
    [0.4326923077, 0.4326923077, 0.4326923077, 1],
    [0.4423076923, 0.4423076923, 0.4423076923, 1],
    [0.4519230769, 0.4519230769, 0.4519230769, 1],
    [0.4615384615, 0.4615384615, 0.4615384615, 1],
    [0.4711538462, 0.4711538462, 0.4711538462, 1],
    [0.4807692308, 0.4807692308, 0.4807692308, 1],
    [0.4903846154, 0.4903846154, 0.4903846154, 1],
    [0.5000000000, 0.5000000000, 0.5000000000, 1],
    [0.5000000000, 0.4941860465, 0.5058139535, 1],
    [0.5000000000, 0.4883720930, 0.5116279070, 1],
    [0.5000000000, 0.4825581395, 0.5174418605, 1],
    [0.5000000000, 0.4767441860, 0.5232558140, 1],
    [0.5000000000, 0.4709302326, 0.5290697674, 1],
    [0.5000000000, 0.4651162791, 0.5348837209, 1],
    [0.5000000000, 0.4593023256, 0.5406976744, 1],
    [0.5000000000, 0.4534883721, 0.5465116279, 1],
    [0.5000000000, 0.4476744186, 0.5523255814, 1],
    [0.5000000000, 0.4418604651, 0.5581395349, 1],
    [0.5000000000, 0.4360465116, 0.5639534884, 1],
    [0.5000000000, 0.4302325581, 0.5697674419, 1],
    [0.5000000000, 0.4244186047, 0.5755813953, 1],
    [0.5000000000, 0.4186046512, 0.5813953488, 1],
    [0.5000000000, 0.4127906977, 0.5872093023, 1],
    [0.5000000000, 0.4069767442, 0.5930232558, 1],
    [0.5000000000, 0.4011627907, 0.5988372093, 1],
    [0.5000000000, 0.3953488372, 0.6046511628, 1],
    [0.5000000000, 0.3895348837, 0.6104651163, 1],
    [0.5000000000, 0.3837209302, 0.6162790698, 1],
    [0.5000000000, 0.3779069767, 0.6220930233, 1],
    [0.5000000000, 0.3720930233, 0.6279069767, 1],
    [0.5000000000, 0.3662790698, 0.6337209302, 1],
    [0.5000000000, 0.3604651163, 0.6395348837, 1],
    [0.5000000000, 0.3546511628, 0.6453488372, 1],
    [0.5000000000, 0.3488372093, 0.6511627907, 1],
    [0.5000000000, 0.3430232558, 0.6569767442, 1],
    [0.5000000000, 0.3372093023, 0.6627906977, 1],
    [0.5000000000, 0.3313953488, 0.6686046512, 1],
    [0.5000000000, 0.3255813953, 0.6744186047, 1],
    [0.5000000000, 0.3197674419, 0.6802325581, 1],
    [0.5000000000, 0.3139534884, 0.6860465116, 1],
    [0.5000000000, 0.3081395349, 0.6918604651, 1],
    [0.5000000000, 0.3023255814, 0.6976744186, 1],
    [0.5000000000, 0.2965116279, 0.7034883721, 1],
    [0.5000000000, 0.2906976744, 0.7093023256, 1],
    [0.5000000000, 0.2848837209, 0.7151162791, 1],
    [0.5000000000, 0.2790697674, 0.7209302326, 1],
    [0.5000000000, 0.2732558140, 0.7267441860, 1],
    [0.5000000000, 0.2674418605, 0.7325581395, 1],
    [0.5000000000, 0.2616279070, 0.7383720930, 1],
    [0.5000000000, 0.2558139535, 0.7441860465, 1],
    [0.5000000000, 0.2500000000, 0.7500000000, 1],
    [0.5000000000, 0.2416666667, 0.7416666667, 1],
    [0.5000000000, 0.2333333333, 0.7333333333, 1],
    [0.5000000000, 0.2250000000, 0.7250000000, 1],
    [0.5000000000, 0.2166666667, 0.7166666667, 1],
    [0.5000000000, 0.2083333333, 0.7083333333, 1],
    [0.5000000000, 0.2000000000, 0.7000000000, 1],
    [0.5000000000, 0.1916666667, 0.6916666667, 1],
    [0.5000000000, 0.1833333333, 0.6833333333, 1],
    [0.5000000000, 0.1750000000, 0.6750000000, 1],
    [0.5000000000, 0.1666666667, 0.6666666667, 1],
    [0.5000000000, 0.1583333333, 0.6583333333, 1],
    [0.5000000000, 0.1500000000, 0.6500000000, 1],
    [0.5000000000, 0.1416666667, 0.6416666667, 1],
    [0.5000000000, 0.1333333333, 0.6333333333, 1],
    [0.5000000000, 0.1250000000, 0.6250000000, 1],
    [0.5000000000, 0.1166666667, 0.6166666667, 1],
    [0.5000000000, 0.1083333333, 0.6083333333, 1],
    [0.5000000000, 0.1000000000, 0.6000000000, 1],
    [0.5000000000, 0.0916666667, 0.5916666667, 1],
    [0.5000000000, 0.0833333333, 0.5833333333, 1],
    [0.5000000000, 0.0750000000, 0.5750000000, 1],
    [0.5000000000, 0.0666666667, 0.5666666667, 1],
    [0.5000000000, 0.0583333333, 0.5583333333, 1],
    [0.5000000000, 0.0500000000, 0.5500000000, 1],
    [0.5000000000, 0.0416666667, 0.5416666667, 1],
    [0.5000000000, 0.0333333333, 0.5333333333, 1],
    [0.5000000000, 0.0250000000, 0.5250000000, 1],
    [0.5000000000, 0.0166666667, 0.5166666667, 1],
    [0.5000000000, 0.0083333333, 0.5083333333, 1],
    [0.5000000000, 0.0000000000, 0.5000000000, 1],
