56
Molecule 1 - S1 opt
C       -0.411149000      2.945038000     -1.541088000
C        0.411146000     -2.945044000     -1.541092000
C        0.894229000      2.802978000     -1.051335000
C       -0.894231000     -2.802984000     -1.051336000
C        1.711095000      3.904631000     -0.823107000
C       -1.711099000     -3.904635000     -0.823110000
C        1.193750000      5.158576000     -1.144019000
C       -1.193757000     -5.158580000     -1.144027000
C       -0.096408000      5.309561000     -1.665677000
C        0.096398000     -5.309566000     -1.665687000
C       -0.912179000      4.198831000     -1.865171000
C        0.912172000     -4.198838000     -1.865180000
C        1.025884000     -1.611168000     -1.623644000
C       -1.025885000      1.611160000     -1.623642000
C        0.014386000      0.701753000     -1.107928000
C       -0.014384000     -0.701760000     -1.107928000
H        2.707388000      3.806420000     -0.408000000
H       -2.707392000     -3.806423000     -0.408002000
H        1.810002000      6.036928000     -0.980310000
H       -1.810011000     -6.036931000     -0.980319000
H       -0.465668000      6.302268000     -1.901803000
H        0.465656000     -6.302274000     -1.901819000
H        1.922856000     -4.296510000     -2.248344000
H       -1.922864000      4.296502000     -2.248332000
N        1.140834000      1.439389000     -0.806203000
N       -1.140834000     -1.439394000     -0.806203000
O        2.128698000     -1.297968000     -2.066765000
O       -2.128700000      1.297959000     -2.066759000
C       -2.278514000     -0.955677000     -0.121027000
C       -2.125106000     -0.128258000      0.992367000
C       -3.553651000     -1.299379000     -0.574576000
C       -3.248713000      0.357504000      1.647025000
C       -4.670063000     -0.822633000      0.091534000
C       -4.519478000      0.009717000      1.201033000
H       -1.135431000      0.126064000      1.351870000
H       -3.663976000     -1.894663000     -1.473807000
H       -3.130561000      1.004680000      2.508863000
H       -5.660730000     -1.073901000     -0.270530000
C       -5.734641000      0.483261000      1.948746000
F       -6.111142000     -0.404807000      2.889418000
F       -5.514888000      1.648881000      2.578862000
F       -6.788454000      0.656057000      1.134030000
C        2.278516000      0.955673000     -0.121028000
C        2.125109000      0.128255000      0.992366000
C        3.553652000      1.299380000     -0.574576000
C        3.248717000     -0.357503000      1.647026000
C        4.670065000      0.822638000      0.091536000
C        4.519481000     -0.009712000      1.201035000
H        1.135435000     -0.126069000      1.351870000
H        3.663976000      1.894664000     -1.473807000
H        3.130567000     -1.004679000      2.508864000
H        5.660731000      1.073909000     -0.270527000
C        5.734645000     -0.483251000      1.948750000
F        6.111140000      0.404819000      2.889424000
F        5.514896000     -1.648872000      2.578866000
F        6.788461000     -0.656042000      1.134036000

61
Molecule 2 - S1 opt
C       -0.512982000      3.572917000     -1.109088000
C        0.735366000      3.140219000     -0.640976000
C        1.674051000      4.037510000     -0.141194000
C        1.345123000      5.391012000     -0.177334000
C        0.116498000      5.836271000     -0.679761000
C       -0.828004000      4.924828000     -1.143811000
C       -1.305003000      2.393662000     -1.486445000
C       -0.423923000      1.257610000     -1.211725000
H        2.622116000      3.711479000      0.269358000
H        2.061882000      6.114129000      0.198798000
H       -0.104320000      6.898712000     -0.690064000
H       -1.797154000      5.246561000     -1.511392000
C       -0.575901000     -0.093228000     -1.575219000
C        0.464468000     -0.950411000     -2.195875000
C       -0.179531000     -2.264463000     -2.316613000
C       -1.499899000     -2.142748000     -1.859749000
C        0.285044000     -3.475346000     -2.812744000
C       -2.376524000     -3.220508000     -1.858450000
C       -0.582019000     -4.565780000     -2.816306000
H        1.305171000     -3.560559000     -3.173323000
C       -1.892520000     -4.435684000     -2.341379000
H       -3.397077000     -3.138193000     -1.499725000
H       -0.239581000     -5.527838000     -3.183585000
H       -2.551147000     -5.298459000     -2.348312000
O       -2.451869000      2.367497000     -1.947323000
O        1.583868000     -0.594979000     -2.561329000
N       -1.724208000     -0.823553000     -1.451681000
N        0.782570000      1.738765000     -0.717694000
C       -2.905270000     -0.402667000     -0.740820000
H       -3.087685000      0.656223000     -0.948505000
H       -3.771830000     -0.949074000     -1.119374000
C       -2.779515000     -0.625175000      0.762619000
O       -1.767405000     -0.999407000      1.310989000
O       -3.933916000     -0.327193000      1.339918000
C       -4.108547000     -0.368943000      2.799658000
C       -3.913740000     -1.797136000      3.301671000
C       -3.151157000      0.619254000      3.460878000
C       -5.555998000      0.077448000      2.975337000
H       -4.572950000     -2.483628000      2.760817000
H       -2.880074000     -2.124267000      3.179461000
H       -4.172051000     -1.842014000      4.364438000
H       -3.269413000      1.614636000      3.021089000
H       -3.386385000      0.686416000      4.527713000
H       -2.112724000      0.302276000      3.352696000
H       -5.813461000      0.086295000      4.038637000
H       -5.700514000      1.084539000      2.573191000
H       -6.236089000     -0.606211000      2.458449000
C        1.758346000      0.944574000     -0.078197000
C        1.357445000     -0.096655000      0.761507000
C        3.114952000      1.190766000     -0.310363000
C        2.323700000     -0.893387000      1.365733000
C        4.067241000      0.400710000      0.306820000
C        3.672615000     -0.644831000      1.146086000
H        0.305392000     -0.273833000      0.958309000
H        3.413163000      1.958509000     -1.014956000
H        2.015160000     -1.702033000      2.018376000
H        5.120263000      0.581165000      0.119541000
C        4.723549000     -1.526785000      1.758831000
F        5.781634000     -0.812886000      2.186096000
F        4.256332000     -2.219155000      2.810540000
F        5.196275000     -2.424275000      0.874188000

66
Molecule 3 - S1 min - minimum A
C       -0.146935000      2.972075000     -0.286763000
C        1.165171000      2.692924000      0.125349000
C        2.124192000      3.693094000      0.245472000
C        1.729323000      4.992389000     -0.063532000
C        0.424561000      5.282477000     -0.485715000
C       -0.524089000      4.270282000     -0.606806000
C       -0.890639000      1.710990000     -0.313870000
C        0.085982000      0.695000000      0.127281000
H        3.147588000      3.471920000      0.525643000
H        2.455501000      5.795417000      0.013537000
H        0.154653000      6.307235000     -0.719996000
H       -1.538342000      4.478443000     -0.932261000
C       -0.085982000     -0.694995000      0.127278000
C        0.890641000     -1.710982000     -0.313877000
C        0.146938000     -2.972069000     -0.286773000
C       -1.165169000     -2.692921000      0.125336000
C        0.524096000     -4.270274000     -0.606816000
C       -2.124189000     -3.693092000      0.245453000
C       -0.424553000     -5.282471000     -0.485730000
H        1.538350000     -4.478434000     -0.932268000
C       -1.729317000     -4.992386000     -0.063551000
H       -3.147586000     -3.471921000      0.525622000
H       -0.154643000     -6.307228000     -0.720012000
H       -2.455494000     -5.795415000      0.013513000
O       -2.063985000      1.516896000     -0.646996000
O        2.063988000     -1.516885000     -0.646997000
N       -1.284723000     -1.329187000      0.380960000
N        1.284722000      1.329190000      0.380969000
C       -2.408788000     -0.765603000      1.092884000
H       -2.686622000     -1.442839000      1.910517000
H       -2.119638000      0.187431000      1.531655000
C        2.408787000      0.765602000      1.092893000
H        2.119636000     -0.187430000      1.531666000
H        2.686623000      1.442840000      1.910523000
C       -3.630717000     -0.568598000      0.199418000
O       -3.821318000     -1.182641000     -0.822654000
O       -4.446805000      0.298381000      0.784316000
C        3.630715000      0.568595000      0.199425000
O        3.821323000      1.182647000     -0.822640000
O        4.446797000     -0.298395000      0.784317000
C       -5.697415000      0.726553000      0.150178000
C       -5.399431000      1.363781000     -1.204753000
C       -6.654085000     -0.458575000      0.043341000
C       -6.228575000      1.766999000      1.131245000
H       -4.612991000      2.116063000     -1.100186000
H       -5.069442000      0.618839000     -1.930041000
H       -6.307838000      1.845827000     -1.581044000
H       -6.805734000     -0.916686000      1.026409000
H       -7.624258000     -0.108198000     -0.323644000
H       -6.271366000     -1.211871000     -0.647161000
H       -7.183353000      2.163060000      0.772275000
H       -6.385861000      1.322443000      2.118933000
H       -5.521306000      2.595927000      1.229061000
C        5.697409000     -0.726562000      0.150181000
C        5.399432000     -1.363765000     -1.204763000
C        6.654088000      0.458561000      0.043373000
C        6.228555000     -1.767029000      1.131234000
H        4.612981000     -2.116037000     -1.100217000
H        5.069462000     -0.618805000     -1.930043000
H        6.307837000     -1.845817000     -1.581052000
H        6.805738000      0.916650000      1.026452000
H        7.624260000      0.108184000     -0.323616000
H        6.271377000      1.211875000     -0.647114000
H        7.183334000     -2.163089000      0.772265000
H        6.385834000     -1.322493000      2.118932000
H        5.521281000     -2.595956000      1.229028000
