 &plot nbnd=   8, nks=   198 /
            0.000000  0.000000  0.000000
   -5.808    6.016    6.016    6.016    8.564    8.564    8.564    9.123
            0.000000  0.016071  0.000000
   -5.805    6.000    6.007    6.007    8.558    8.576    8.576    9.139
            0.000000  0.032141  0.000000
   -5.799    5.952    5.978    5.978    8.542    8.613    8.613    9.186
            0.000000  0.048212  0.000000
   -5.788    5.875    5.933    5.933    8.515    8.672    8.672    9.261
            0.000000  0.064282  0.000000
   -5.772    5.773    5.872    5.872    8.478    8.752    8.752    9.359
            0.000000  0.080353  0.000000
   -5.752    5.650    5.800    5.800    8.432    8.849    8.849    9.476
            0.000000  0.096424  0.000000
   -5.728    5.510    5.717    5.717    8.378    8.961    8.961    9.604
            0.000000  0.112494  0.000000
   -5.699    5.357    5.627    5.627    8.317    9.087    9.087    9.740
            0.000000  0.128565  0.000000
   -5.666    5.193    5.532    5.532    8.251    9.223    9.223    9.877
            0.000000  0.144635  0.000000
   -5.628    5.021    5.432    5.432    8.179    9.368    9.368   10.007
            0.000000  0.160706  0.000000
   -5.586    4.842    5.330    5.330    8.103    9.522    9.522   10.124
            0.000000  0.176777  0.000000
   -5.540    4.658    5.227    5.227    8.024    9.682    9.682   10.216
            0.000000  0.192847  0.000000
   -5.489    4.471    5.123    5.123    7.944    9.847    9.847   10.275
            0.000000  0.208918  0.000000
   -5.434    4.279    5.019    5.019    7.862   10.018   10.018   10.290
            0.000000  0.224989  0.000000
   -5.374    4.086    4.916    4.916    7.779   10.193   10.193   10.260
            0.000000  0.241059  0.000000
   -5.310    3.890    4.814    4.814    7.697   10.187   10.372   10.372
            0.000000  0.257130  0.000000
   -5.242    3.692    4.714    4.714    7.615   10.081   10.554   10.554
            0.000000  0.273200  0.000000
   -5.170    3.494    4.615    4.615    7.534    9.950   10.740   10.740
            0.000000  0.289271  0.000000
   -5.093    3.294    4.519    4.519    7.455    9.803   10.928   10.928
            0.000000  0.305342  0.000000
   -5.013    3.094    4.426    4.426    7.378    9.645   11.118   11.118
            0.000000  0.321412  0.000000
   -4.928    2.893    4.335    4.335    7.303    9.481   11.310   11.310
            0.000000  0.337483  0.000000
   -4.838    2.691    4.247    4.247    7.231    9.315   11.505   11.505
            0.000000  0.353553  0.000000
   -4.745    2.490    4.162    4.162    7.162    9.149   11.701   11.701
            0.000000  0.369624  0.000000
   -4.648    2.288    4.081    4.081    7.097    8.985   11.899   11.899
            0.000000  0.385695  0.000000
   -4.546    2.086    4.002    4.002    7.035    8.823   12.098   12.098
            0.000000  0.401765  0.000000
   -4.441    1.885    3.927    3.927    6.976    8.664   12.299   12.299
            0.000000  0.417836  0.000000
   -4.331    1.684    3.856    3.856    6.922    8.511   12.501   12.501
            0.000000  0.433906  0.000000
   -4.218    1.483    3.788    3.788    6.871    8.362   12.705   12.705
            0.000000  0.449977  0.000000
   -4.100    1.283    3.723    3.723    6.825    8.218   12.909   12.909
            0.000000  0.466048  0.000000
   -3.979    1.083    3.663    3.663    6.783    8.081   13.115   13.115
            0.000000  0.482118  0.000000
   -3.854    0.885    3.606    3.606    6.746    7.949   13.322   13.322
            0.000000  0.498189  0.000000
   -3.725    0.687    3.552    3.552    6.713    7.823   13.529   13.529
            0.000000  0.514259  0.000000
   -3.593    0.490    3.503    3.503    6.686    7.703   13.738   13.738
            0.000000  0.530330  0.000000
   -3.457    0.295    3.457    3.457    6.663    7.590   13.947   13.947
            0.000000  0.546401  0.000000
   -3.317    0.101    3.416    3.416    6.645    7.483   14.157   14.157
            0.000000  0.562471  0.000000
   -3.174   -0.092    3.378    3.378    6.632    7.383   14.367   14.367
            0.000000  0.578542  0.000000
   -3.027   -0.283    3.344    3.344    6.625    7.289   14.577   14.577
            0.000000  0.594613  0.000000
   -2.877   -0.472    3.314    3.314    6.623    7.201   14.787   14.787
            0.000000  0.610683  0.000000
   -2.724   -0.660    3.288    3.288    6.626    7.120   14.995   14.995
            0.000000  0.626754  0.000000
   -2.567   -0.845    3.266    3.266    6.635    7.045   15.200   15.200
            0.000000  0.642824  0.000000
   -2.408   -1.029    3.248    3.248    6.649    6.977   15.400   15.400
            0.000000  0.658895  0.000000
   -2.245   -1.210    3.234    3.234    6.670    6.915   15.588   15.588
            0.000000  0.674966  0.000000
   -2.079   -1.389    3.224    3.224    6.695    6.859   15.756   15.756
            0.000000  0.691036  0.000000
   -1.911   -1.565    3.218    3.218    6.727    6.809   15.881   15.881
            0.000000  0.707107  0.000000
   -1.739   -1.739    3.216    3.216    6.765    6.765   15.930   15.930
            0.011785  0.707107  0.011785
   -1.740   -1.737    3.199    3.217    6.767    6.789   15.904   15.915
            0.023570  0.707107  0.023570
   -1.744   -1.729    3.152    3.223    6.774    6.860   15.830   15.873
            0.035355  0.707107  0.035355
   -1.749   -1.716    3.078    3.233    6.785    6.975   15.716   15.804
            0.047140  0.707107  0.047140
   -1.757   -1.698    2.982    3.246    6.800    7.127   15.572   15.714
            0.058926  0.707107  0.058926
   -1.768   -1.675    2.871    3.263    6.820    7.312   15.404   15.604
            0.070711  0.707107  0.070711
   -1.782   -1.646    2.750    3.284    6.844    7.523   15.222   15.480
            0.082496  0.707107  0.082496
   -1.800   -1.612    2.624    3.309    6.872    7.758   15.028   15.344
            0.094281  0.707107  0.094281
   -1.823   -1.573    2.497    3.337    6.905    8.011   14.828   15.200
            0.106066  0.707107  0.106066
   -1.850   -1.529    2.372    3.369    6.942    8.280   14.624   15.048
            0.117851  0.707107  0.117851
   -1.884   -1.480    2.253    3.405    6.983    8.564   14.417   14.892
            0.129636  0.707107  0.129636
   -1.923   -1.426    2.142    3.444    7.028    8.858   14.209   14.732
            0.141421  0.707107  0.141421
   -1.970   -1.366    2.040    3.487    7.077    9.164   14.002   14.570
            0.153206  0.707107  0.153206
   -2.023   -1.302    1.950    3.533    7.130    9.478   13.795   14.367
            0.164992  0.707107  0.164992
   -2.085   -1.232    1.873    3.582    7.187    9.800   13.590   14.148
            0.176777  0.707107  0.176777
   -2.154   -1.157    1.809    3.635    7.247   10.128   13.387   13.934
            0.530330  0.530330  0.000000
   -2.154   -1.157    1.809    3.635    7.247   10.128   13.387   13.934
            0.519046  0.519046  0.000000
   -2.228   -1.081    1.761    3.688    7.309   10.448   13.195   13.733
            0.507763  0.507763  0.000000
   -2.309   -0.999    1.726    3.744    7.373   10.771   13.005   13.538
            0.496479  0.496479  0.000000
   -2.396   -0.914    1.703    3.802    7.441   11.096   12.819   13.350
            0.485196  0.485196  0.000000
   -2.490   -0.823    1.694    3.864    7.511   11.419   12.635   13.173
            0.473912  0.473912  0.000000
   -2.589   -0.728    1.697    3.927    7.584   11.732   12.454   13.013
            0.462628  0.462628  0.000000
   -2.692   -0.629    1.711    3.993    7.659   12.012   12.277   12.893
            0.451345  0.451345  0.000000
   -2.800   -0.524    1.737    4.061    7.737   12.104   12.189   12.885
            0.440061  0.440061  0.000000
   -2.911   -0.416    1.773    4.131    7.816   11.933   12.188   12.911
            0.428778  0.428778  0.000000
   -3.025   -0.302    1.820    4.203    7.898   11.767   12.083   12.780
            0.417494  0.417494  0.000000
   -3.141   -0.184    1.875    4.276    7.980   11.604   11.944   12.654
            0.406210  0.406210  0.000000
   -3.257   -0.062    1.940    4.351    8.063   11.445   11.795   12.532
            0.394927  0.394927 -0.000000
   -3.375    0.065    2.013    4.426    8.147   11.290   11.643   12.416
            0.383643  0.383643 -0.000000
   -3.493    0.196    2.093    4.503    8.230   11.139   11.492   12.306
            0.372359  0.372359 -0.000000
   -3.610    0.332    2.180    4.580    8.313   10.992   11.344   12.203
            0.361076  0.361076 -0.000000
   -3.727    0.472    2.274    4.658    8.395   10.850   11.198   12.106
            0.349792  0.349792 -0.000000
   -3.842    0.617    2.375    4.735    8.474   10.711   11.055   12.017
            0.338509  0.338509 -0.000000
   -3.956    0.765    2.481    4.813    8.551   10.576   10.917   11.936
            0.327225  0.327225  0.000000
   -4.068    0.919    2.592    4.890    8.623   10.445   10.781   11.863
            0.315941  0.315941  0.000000
   -4.177    1.076    2.709    4.966    8.692   10.319   10.650   11.799
            0.304658  0.304658  0.000000
   -4.285    1.237    2.830    5.041    8.754   10.197   10.522   11.744
            0.293374  0.293374  0.000000
   -4.389    1.403    2.956    5.115    8.811   10.079   10.399   11.698
            0.282090  0.282090  0.000000
   -4.491    1.573    3.086    5.187    8.861    9.966   10.279   11.662
            0.270807  0.270807  0.000000
   -4.590    1.746    3.219    5.256    8.903    9.857   10.163   11.634
            0.259523  0.259523  0.000000
   -4.685    1.924    3.356    5.324    8.937    9.752   10.051   11.615
            0.248240  0.248240  0.000000
   -4.777    2.105    3.495    5.388    8.963    9.651    9.943   11.601
            0.236956  0.236956  0.000000
   -4.866    2.290    3.638    5.450    8.981    9.555    9.839   11.592
            0.225672  0.225672  0.000000
   -4.951    2.479    3.782    5.509    8.992    9.463    9.738   11.583
            0.214389  0.214389  0.000000
   -5.033    2.671    3.928    5.565    8.997    9.376    9.641   11.571
            0.203105  0.203105  0.000000
   -5.111    2.867    4.076    5.617    8.995    9.293    9.548   11.550
            0.191822  0.191822  0.000000
   -5.185    3.066    4.224    5.666    8.988    9.214    9.459   11.515
            0.180538  0.180538  0.000000
   -5.255    3.267    4.373    5.711    8.976    9.140    9.373   11.459
            0.169254  0.169254  0.000000
   -5.321    3.471    4.521    5.752    8.961    9.071    9.291   11.377
            0.157971  0.157971  0.000000
   -5.383    3.677    4.669    5.790    8.943    9.006    9.212   11.266
            0.146687  0.146687  0.000000
   -5.441    3.885    4.814    5.825    8.924    8.945    9.136   11.125
            0.135403  0.135403  0.000000
   -5.495    4.095    4.957    5.856    8.889    8.902    9.064   10.958
            0.124120  0.124120 -0.000000
   -5.544    4.305    5.097    5.884    8.837    8.880    8.996   10.771
            0.112836  0.112836 -0.000000
   -5.590    4.515    5.232    5.909    8.789    8.857    8.931   10.568
            0.101553  0.101553 -0.000000
   -5.631    4.723    5.361    5.931    8.747    8.833    8.870   10.357
            0.090269  0.090269 -0.000000
   -5.668    4.929    5.483    5.950    8.708    8.809    8.813   10.144
            0.078985  0.078985 -0.000000
   -5.700    5.129    5.596    5.966    8.675    8.760    8.783    9.935
            0.067702  0.067702 -0.000000
   -5.729    5.322    5.699    5.980    8.645    8.712    8.755    9.737
            0.056418  0.056418  0.000000
   -5.753    5.503    5.791    5.991    8.620    8.670    8.724    9.556
            0.045134  0.045134  0.000000
   -5.773    5.668    5.869    6.000    8.600    8.633    8.688    9.399
            0.033851  0.033851  0.000000
   -5.788    5.810    5.932    6.007    8.584    8.604    8.647    9.276
            0.022567  0.022567  0.000000
   -5.799    5.921    5.978    6.012    8.573    8.582    8.607    9.189
            0.011284  0.011284  0.000000
   -5.805    5.992    6.007    6.015    8.566    8.569    8.576    9.139
            0.000000  0.000000  0.000000
   -5.808    6.016    6.016    6.016    8.564    8.564    8.564    9.123
            0.009304  0.009304  0.009304
   -5.805    5.988    6.012    6.012    8.570    8.570    8.571    9.140
            0.018608  0.018608  0.018608
   -5.799    5.908    6.001    6.001    8.587    8.587    8.589    9.192
            0.027912  0.027912  0.027912
   -5.787    5.782    5.982    5.982    8.604    8.614    8.614    9.283
            0.037216  0.037216  0.037216
   -5.772    5.621    5.956    5.956    8.608    8.652    8.652    9.413
            0.046520  0.046520  0.046520
   -5.752    5.434    5.925    5.925    8.599    8.698    8.698    9.577
            0.055824  0.055824  0.055824
   -5.727    5.227    5.888    5.888    8.578    8.752    8.752    9.765
            0.065128  0.065128  0.065128
   -5.698    5.007    5.848    5.848    8.549    8.812    8.812    9.971
            0.074432  0.074432  0.074432
   -5.665    4.777    5.803    5.803    8.512    8.877    8.877   10.189
            0.083736  0.083736  0.083736
   -5.628    4.540    5.757    5.757    8.470    8.946    8.946   10.416
            0.093040  0.093040  0.093040
   -5.586    4.299    5.708    5.708    8.424    9.016    9.016   10.648
            0.102344  0.102344  0.102344
   -5.539    4.055    5.658    5.658    8.375    9.086    9.086   10.883
            0.111648  0.111648  0.111648
   -5.489    3.810    5.607    5.607    8.325    9.156    9.156   11.120
            0.120952  0.120952  0.120952
   -5.434    3.565    5.557    5.557    8.273    9.223    9.223   11.358
            0.130257  0.130257  0.130257
   -5.375    3.320    5.506    5.506    8.220    9.285    9.285   11.595
            0.139561  0.139561  0.139561
   -5.313    3.076    5.456    5.456    8.167    9.343    9.343   11.832
            0.148865  0.148865  0.148865
   -5.246    2.834    5.407    5.407    8.115    9.394    9.394   12.067
            0.158169  0.158169  0.158169
   -5.175    2.594    5.359    5.359    8.064    9.437    9.437   12.300
            0.167473  0.167473  0.167473
   -5.101    2.356    5.313    5.313    8.013    9.473    9.473   12.529
            0.176777  0.176777  0.176777
   -5.023    2.122    5.268    5.268    7.964    9.500    9.500   12.753
            0.186081  0.186081  0.186081
   -4.941    1.892    5.225    5.225    7.917    9.519    9.519   12.970
            0.195385  0.195385  0.195385
   -4.856    1.665    5.184    5.184    7.871    9.531    9.531   13.177
            0.204689  0.204689  0.204689
   -4.769    1.443    5.145    5.145    7.827    9.536    9.536   13.368
            0.213993  0.213993  0.213993
   -4.678    1.225    5.108    5.108    7.786    9.535    9.535   13.536
            0.223297  0.223297  0.223297
   -4.585    1.013    5.073    5.073    7.746    9.529    9.529   13.673
            0.232601  0.232601  0.232601
   -4.490    0.806    5.040    5.040    7.709    9.519    9.519   13.770
            0.241905  0.241905  0.241905
   -4.393    0.605    5.010    5.010    7.675    9.506    9.506   13.828
            0.251209  0.251209  0.251209
   -4.295    0.412    4.982    4.982    7.643    9.490    9.490   13.853
            0.260513  0.260513  0.260513
   -4.197    0.227    4.956    4.956    7.614    9.474    9.474   13.857
            0.269817  0.269817  0.269817
   -4.100    0.050    4.933    4.933    7.587    9.457    9.457   13.847
            0.279121  0.279121  0.279121
   -4.004   -0.117    4.912    4.912    7.563    9.440    9.440   13.829
            0.288425  0.288425  0.288425
   -3.912   -0.273    4.894    4.894    7.542    9.423    9.423   13.809
            0.297729  0.297729  0.297729
   -3.824   -0.415    4.878    4.878    7.523    9.408    9.408   13.789
            0.307033  0.307033  0.307033
   -3.743   -0.542    4.864    4.864    7.508    9.395    9.395   13.769
            0.316337  0.316337  0.316337
   -3.672   -0.651    4.853    4.853    7.495    9.383    9.383   13.752
            0.325641  0.325641  0.325641
   -3.612   -0.740    4.845    4.845    7.485    9.374    9.374   13.739
            0.334945  0.334945  0.334945
   -3.567   -0.807    4.839    4.839    7.478    9.368    9.368   13.728
            0.344249  0.344249  0.344249
   -3.539   -0.848    4.835    4.835    7.473    9.364    9.364   13.722
            0.353553  0.353553  0.353553
   -3.529   -0.861    4.834    4.834    7.472    9.362    9.362   13.720
            0.353553  0.364958  0.342148
   -3.527   -0.860    4.812    4.829    7.492    9.358    9.371   13.730
            0.353553  0.376363  0.330743
   -3.520   -0.857    4.748    4.817    7.552    9.347    9.397   13.759
            0.353553  0.387768  0.319339
   -3.509   -0.851    4.649    4.796    7.642    9.329    9.443   13.804
            0.353553  0.399173  0.307934
   -3.493   -0.844    4.522    4.767    7.755    9.306    9.508   13.863
            0.353553  0.410578  0.296529
   -3.473   -0.834    4.375    4.730    7.882    9.279    9.596   13.928
            0.353553  0.421983  0.285124
   -3.449   -0.823    4.213    4.684    8.014    9.250    9.707   13.991
            0.353553  0.433388  0.273719
   -3.420   -0.810    4.042    4.631    8.145    9.222    9.844   14.044
            0.353553  0.444793  0.262314
   -3.386   -0.796    3.867    4.569    8.271    9.195   10.006   14.072
            0.353553  0.456198  0.250909
   -3.348   -0.781    3.689    4.501    8.390    9.171   10.193   14.067
            0.353553  0.467603  0.239504
   -3.306   -0.765    3.511    4.425    8.502    9.151   10.403   14.023
            0.353553  0.479008  0.228099
   -3.260   -0.750    3.336    4.342    8.606    9.138   10.634   13.943
            0.353553  0.490413  0.216694
   -3.209   -0.735    3.165    4.253    8.706    9.130   10.883   13.832
            0.353553  0.501818  0.205289
   -3.154   -0.721    3.000    4.158    8.801    9.130   11.147   13.618
            0.353553  0.513223  0.193884
   -3.095   -0.710    2.842    4.058    8.895    9.137   11.424   13.402
            0.353553  0.524628  0.182479
   -3.032   -0.703    2.693    3.954    8.987    9.152   11.712   13.190
            0.353553  0.536033  0.171074
   -2.965   -0.699    2.554    3.846    9.079    9.175   12.008   12.984
            0.353553  0.547438  0.159669
   -2.894   -0.701    2.427    3.735    9.172    9.205   12.309   12.785
            0.353553  0.558842  0.148264
   -2.819   -0.709    2.313    3.622    9.244    9.267   12.539   12.668
            0.353553  0.570247  0.136859
   -2.741   -0.726    2.214    3.507    9.290    9.363   12.380   12.728
            0.353553  0.581652  0.125454
   -2.659   -0.751    2.131    3.391    9.343    9.461   12.195   12.560
            0.353553  0.593057  0.114049
   -2.573   -0.785    2.065    3.275    9.403    9.562   12.014   12.392
            0.353553  0.604462  0.102645
   -2.484   -0.830    2.015    3.159    9.471    9.665   11.838   12.226
            0.353553  0.615867  0.091240
   -2.392   -0.885    1.983    3.045    9.545    9.770   11.668   12.063
            0.353553  0.627272  0.079835
   -2.298   -0.949    1.968    2.932    9.625    9.877   11.504   11.902
            0.353553  0.638677  0.068430
   -2.200   -1.022    1.969    2.821    9.712    9.985   11.347   11.745
            0.353553  0.650082  0.057025
   -2.101   -1.103    1.985    2.714    9.804   10.093   11.200   11.592
            0.353553  0.661487  0.045620
   -1.999   -1.191    2.015    2.610    9.901   10.196   11.066   11.443
            0.353553  0.672892  0.034215
   -1.897   -1.284    2.057    2.511   10.001   10.286   10.954   11.300
            0.353553  0.684297  0.022810
   -1.793   -1.382    2.111    2.417   10.103   10.346   10.882   11.165
            0.353553  0.695702  0.011405
   -1.689   -1.482    2.175    2.330   10.202   10.347   10.876   11.041
            0.353553  0.707107  0.000000
   -1.585   -1.585    2.249    2.249   10.291   10.291   10.938   10.938
            0.336718  0.707107  0.000000
   -1.586   -1.586    2.253    2.253   10.189   10.189   11.045   11.045
            0.319882  0.707107  0.000000
   -1.589   -1.589    2.266    2.266    9.977    9.977   11.271   11.271
            0.303046  0.707107  0.000000
   -1.593   -1.593    2.287    2.287    9.737    9.737   11.535   11.535
            0.286210  0.707107  0.000000
   -1.599   -1.599    2.317    2.317    9.490    9.490   11.816   11.816
            0.269374  0.707107  0.000000
   -1.607   -1.607    2.354    2.354    9.244    9.244   12.105   12.105
            0.252538  0.707107  0.000000
   -1.616   -1.616    2.398    2.398    9.002    9.002   12.400   12.400
            0.235702  0.707107  0.000000
   -1.626   -1.626    2.450    2.450    8.766    8.766   12.699   12.699
            0.218866  0.707107  0.000000
   -1.637   -1.637    2.507    2.507    8.537    8.537   13.002   13.002
            0.202031  0.707107  0.000000
   -1.648   -1.648    2.569    2.569    8.315    8.315   13.306   13.306
            0.185195  0.707107  0.000000
   -1.660   -1.660    2.636    2.636    8.103    8.103   13.610   13.610
            0.168359  0.707107 -0.000000
   -1.671   -1.671    2.706    2.706    7.900    7.900   13.914   13.914
            0.151523  0.707107  0.000000
   -1.683   -1.683    2.777    2.777    7.709    7.709   14.216   14.216
            0.134687  0.707107 -0.000000
   -1.693   -1.693    2.849    2.849    7.530    7.530   14.514   14.514
            0.117851  0.707107 -0.000000
   -1.703   -1.703    2.920    2.920    7.365    7.365   14.802   14.802
            0.101015  0.707107 -0.000000
   -1.712   -1.712    2.988    2.988    7.216    7.216   15.078   15.078
            0.084179  0.707107  0.000000
   -1.720   -1.720    3.050    3.050    7.085    7.085   15.331   15.331
            0.067344  0.707107  0.000000
   -1.727   -1.727    3.106    3.106    6.974    6.974   15.551   15.551
            0.050508  0.707107  0.000000
   -1.732   -1.732    3.152    3.152    6.884    6.884   15.724   15.724
            0.033672  0.707107 -0.000000
   -1.736   -1.736    3.187    3.187    6.819    6.819   15.843   15.843
            0.016836  0.707107  0.000000
   -1.739   -1.739    3.208    3.208    6.779    6.779   15.909   15.909
            0.000000  0.707107  0.000000
   -1.739   -1.739    3.216    3.216    6.765    6.765   15.930   15.930
