$coord
          3.112854468544          3.317612140072          0.000217374262     o 
          1.335858420899          1.408942595317         -0.000239183480     c 
          2.112323239793         -1.099885878647         -0.000112463603     c 
          4.602164162095         -1.768500165428          0.000006967583     o 
          0.308283321198         -3.008272349484          0.000046756826     c 
          0.926968943990         -4.949199658925          0.000421602309     h 
         -2.232305342330         -2.409726342332          0.000002604387     c 
         -3.625491122662         -3.906122394158          0.000324051832     h 
         -3.008752937122          0.099092303043          0.000043718204     c 
         -1.204730531004          2.007475202724         -0.000142180705     c 
         -1.823432704852          3.948411690957         -0.000309913481     h 
         -5.498550567236          0.767690053255          0.000052827100     o 
         -6.533292447270         -0.732456844612         -0.000014330293     h 
          5.636916191571         -0.268353431743         -0.000103586163     h 
          2.281825561750          4.908924886606          0.000057936642     h 
$end
